-2.410875313178964419e+01
-3.450706472310208994e+01
-2.150380555500927571e+01
-2.051320460882417152e+01
-1.127812502373463133e+01
-3.218795244944580958e+01
-1.959001465939763520e+01
-2.435442450166285866e+01
-2.696656737817200522e+01
-1.883202195200853524e+01
-4.018403974986475902e+01
-2.645076479999053021e+01
1.336033420740805333e+00
1.603432719729557698e+00
7.132286410961549805e+00
-3.064560560631333885e+01
-2.212040898293574287e+01
-1.062463492939702547e+01
-6.754417549852638203e+00
-1.954721750368346989e+01
-2.065208585631332028e+01
-2.687428895257863815e+01
-1.363988551382817427e+01
-4.109892936968619637e+01
-2.173005360100252403e+01
-3.388934131068213418e+01
-3.281661410322936945e+01
-1.778313124836689241e+01
-3.229338671547684925e+01
-3.284236180351804535e+01
-2.750153430775973362e+01
-1.845530495457704845e+01
-2.118546346645010559e+01
-2.581671831189998656e+01
-2.072731378127800284e+01
-2.559996046880958431e+01
-2.604681848165932578e+01
-2.324667624340105831e+01
-1.756693285427962437e+01
-2.764649575562438599e+01
-2.982291811844138962e+01
-2.360140276094642786e+01
-2.249432572770955474e+01
-1.167800489127137986e+01
-2.095078913383456864e+01
-5.246519663845280235e+00
-2.444730585436084525e+01
-2.194568827530336108e+01
-3.701285855754112930e+01
-2.106848746528283911e+01
-1.558971388027747551e+01
-2.059196405830030940e+01
-1.807059826132979907e+01
-2.654954105163501410e+01
-2.792506803858193365e+01
-8.907766400406307739e+00
-2.095500564072602145e+01
-1.857574380371608314e+01
-1.290806837209311730e+01
-2.547967385305923216e+01
-5.810517350416226634e+00
-2.384413040540225381e+01
-3.815435230798070876e+01
-1.248190054694299356e+01
-1.843150763512609558e+01
-1.427881963108898056e+01
-1.909315983028654573e+00
-2.074697334763792966e+01
-2.179085672323676448e+01
-2.264758207809942903e+01
-9.119320676252268498e+00
-1.887635276887691660e+01
-1.134911940432824906e+01
-3.257017621070328062e+01
-1.333485735327748145e+01
-1.156284902199354647e+01
-3.774295882056348006e+01
-2.944034326187789574e+01
-3.814349131815976790e+01
-2.023784812918313492e+01
